"Drag Convergence"
"Iterations" "cd"
1     6.04092e-02
2     6.10980e-02
3     6.32433e-02
4     6.57213e-02
5     6.64755e-02
6     6.68933e-02
7     6.70675e-02
8     6.71727e-02
9     6.72538e-02
10     6.73187e-02
11     6.73724e-02
12     6.74162e-02
13     6.74534e-02
14     6.74841e-02
15     6.75104e-02
16     6.75305e-02
17     6.75456e-02
18     6.75572e-02
19     6.75656e-02
20     6.75715e-02
21     6.75754e-02
22     6.75781e-02
23     6.75795e-02
24     6.75799e-02
25     6.75799e-02
26     6.75798e-02
27     6.75797e-02
28     6.75795e-02
1     6.01100e-02
2     6.13804e-02
3     6.36494e-02
4     6.53675e-02
5     6.65238e-02
6     6.70623e-02
7     6.71978e-02
8     6.72529e-02
9     6.73197e-02
10     6.73888e-02
11     6.74518e-02
12     6.75045e-02
13     6.75495e-02
14     6.75859e-02
15     6.76159e-02
16     6.76391e-02
17     6.76574e-02
18     6.76716e-02
19     6.76826e-02
20     6.76917e-02
21     6.76986e-02
22     6.77032e-02
23     6.77065e-02
24     6.77090e-02
25     6.77105e-02
26     6.77113e-02
27     6.77118e-02
28     6.77120e-02
29     6.77120e-02
1     5.84158e-02
2     6.16644e-02
3     6.58777e-02
4     6.67359e-02
5     6.72712e-02
6     6.78301e-02
7     6.78279e-02
8     6.77982e-02
9     6.78299e-02
10     6.78870e-02
11     6.79401e-02
12     6.79879e-02
13     6.80235e-02
14     6.80521e-02
15     6.80747e-02
16     6.80928e-02
17     6.81073e-02
18     6.81187e-02
19     6.81274e-02
20     6.81338e-02
21     6.81379e-02
22     6.81402e-02
23     6.81414e-02
24     6.81419e-02
25     6.81424e-02
1     5.45013e-02
2     5.95783e-02
3     6.35777e-02
4     6.47269e-02
5     6.52094e-02
6     6.63839e-02
7     6.75110e-02
8     6.85750e-02
9     6.86832e-02
10     6.86004e-02
11     6.85820e-02
12     6.86125e-02
13     6.86535e-02
14     6.86902e-02
15     6.87227e-02
16     6.87495e-02
17     6.87714e-02
18     6.87881e-02
19     6.87991e-02
20     6.88095e-02
21     6.88166e-02
22     6.88232e-02
23     6.88274e-02
24     6.88311e-02
25     6.88336e-02
26     6.88356e-02
27     6.88370e-02
28     6.88383e-02
29     6.88391e-02
1     5.34016e-02
2     5.81971e-02
3     6.16048e-02
4     6.58124e-02
5     6.77040e-02
6     6.82392e-02
7     6.90524e-02
8     6.93514e-02
9     6.93612e-02
10     6.93602e-02
11     6.93934e-02
12     6.94508e-02
13     6.95074e-02
14     6.95548e-02
15     6.95911e-02
16     6.96175e-02
17     6.96370e-02
18     6.96497e-02
19     6.96592e-02
20     6.96663e-02
21     6.96715e-02
22     6.96755e-02
23     6.96780e-02
24     6.96797e-02
25     6.96804e-02
26     6.96805e-02
27     6.96802e-02
28     6.96795e-02
29     6.96785e-02
30     6.96771e-02
