"Lift Convergence"
"Iterations" "cl"
1     -2.61352e-05
2     7.61081e-05
3     -2.63665e-04
4     -4.31389e-04
5     -3.13748e-04
6     -1.59830e-04
7     -9.17301e-05
8     -5.54414e-05
9     -3.97543e-05
10     -3.22606e-05
11     -2.45759e-05
12     -2.33229e-05
13     -2.15838e-05
14     -1.98699e-05
15     -2.40194e-05
16     -2.27261e-05
17     -1.85690e-05
18     -1.67597e-05
19     -1.83213e-05
20     -2.07634e-05
21     -2.17965e-05
22     -2.35840e-05
23     -2.50527e-05
24     -2.26137e-05
25     -2.13087e-05
26     -1.92065e-05
27     -1.74674e-05
28     -1.65841e-05
1     5.65069e-02
2     5.85183e-02
3     5.48007e-02
4     5.68513e-02
5     6.02413e-02
6     6.14470e-02
7     6.13325e-02
8     6.11419e-02
9     6.10711e-02
10     6.10856e-02
11     6.11358e-02
12     6.11909e-02
13     6.12454e-02
14     6.12914e-02
15     6.13275e-02
16     6.13543e-02
17     6.13776e-02
18     6.14009e-02
19     6.14212e-02
20     6.14402e-02
21     6.14564e-02
22     6.14717e-02
23     6.14842e-02
24     6.14934e-02
25     6.14977e-02
26     6.15013e-02
27     6.15050e-02
28     6.15079e-02
29     6.15102e-02
1     1.04663e-01
2     1.06339e-01
3     1.19114e-01
4     1.21157e-01
5     1.22660e-01
6     1.23447e-01
7     1.23413e-01
8     1.22944e-01
9     1.22670e-01
10     1.22578e-01
11     1.22568e-01
12     1.22604e-01
13     1.22638e-01
14     1.22661e-01
15     1.22682e-01
16     1.22701e-01
17     1.22716e-01
18     1.22730e-01
19     1.22739e-01
20     1.22746e-01
21     1.22751e-01
22     1.22754e-01
23     1.22756e-01
24     1.22757e-01
25     1.22757e-01
1     1.35469e-01
2     1.43769e-01
3     1.61265e-01
4     1.61897e-01
5     1.63804e-01
6     1.71740e-01
7     1.77413e-01
8     1.83139e-01
9     1.84323e-01
10     1.84242e-01
11     1.84048e-01
12     1.83971e-01
13     1.83968e-01
14     1.83995e-01
15     1.84038e-01
16     1.84079e-01
17     1.84115e-01
18     1.84141e-01
19     1.84165e-01
20     1.84175e-01
21     1.84181e-01
22     1.84176e-01
23     1.84169e-01
24     1.84160e-01
25     1.84154e-01
26     1.84147e-01
27     1.84140e-01
28     1.84134e-01
29     1.84129e-01
1     1.78288e-01
2     1.78701e-01
3     2.03863e-01
4     2.32724e-01
5     2.37659e-01
6     2.38114e-01
7     2.42532e-01
8     2.45236e-01
9     2.45818e-01
10     2.45742e-01
11     2.45646e-01
12     2.45663e-01
13     2.45713e-01
14     2.45766e-01
15     2.45798e-01
16     2.45824e-01
17     2.45840e-01
18     2.45850e-01
19     2.45852e-01
20     2.45849e-01
21     2.45847e-01
22     2.45843e-01
23     2.45842e-01
24     2.45842e-01
25     2.45842e-01
26     2.45845e-01
27     2.45849e-01
28     2.45853e-01
29     2.45855e-01
30     2.45857e-01
