"Moment Convergence"
"Iterations" "cm"
1     0.00000e+00
2     0.00000e+00
3     0.00000e+00
4     0.00000e+00
5     0.00000e+00
6     0.00000e+00
7     0.00000e+00
8     0.00000e+00
9     0.00000e+00
10     0.00000e+00
11     0.00000e+00
12     0.00000e+00
13     0.00000e+00
14     0.00000e+00
15     0.00000e+00
16     0.00000e+00
17     0.00000e+00
18     0.00000e+00
19     0.00000e+00
20     0.00000e+00
21     0.00000e+00
22     0.00000e+00
23     0.00000e+00
24     0.00000e+00
25     0.00000e+00
26     0.00000e+00
27     0.00000e+00
28     0.00000e+00
1     0.00000e+00
2     0.00000e+00
3     0.00000e+00
4     0.00000e+00
5     0.00000e+00
6     0.00000e+00
7     0.00000e+00
8     0.00000e+00
9     0.00000e+00
10     0.00000e+00
11     0.00000e+00
12     0.00000e+00
13     0.00000e+00
14     0.00000e+00
15     0.00000e+00
16     0.00000e+00
17     0.00000e+00
18     0.00000e+00
19     0.00000e+00
20     0.00000e+00
21     0.00000e+00
22     0.00000e+00
23     0.00000e+00
24     0.00000e+00
25     0.00000e+00
26     0.00000e+00
27     0.00000e+00
28     0.00000e+00
29     0.00000e+00
1     0.00000e+00
2     0.00000e+00
3     0.00000e+00
4     0.00000e+00
5     0.00000e+00
6     0.00000e+00
7     0.00000e+00
8     0.00000e+00
9     0.00000e+00
10     0.00000e+00
11     0.00000e+00
12     0.00000e+00
13     0.00000e+00
14     0.00000e+00
15     0.00000e+00
16     0.00000e+00
17     0.00000e+00
18     0.00000e+00
19     0.00000e+00
20     0.00000e+00
21     0.00000e+00
22     0.00000e+00
23     0.00000e+00
24     0.00000e+00
25     0.00000e+00
1     0.00000e+00
2     0.00000e+00
3     0.00000e+00
4     0.00000e+00
5     0.00000e+00
6     0.00000e+00
7     0.00000e+00
8     0.00000e+00
9     0.00000e+00
10     0.00000e+00
11     0.00000e+00
12     0.00000e+00
13     0.00000e+00
14     0.00000e+00
15     0.00000e+00
16     0.00000e+00
17     0.00000e+00
18     0.00000e+00
19     0.00000e+00
20     0.00000e+00
21     0.00000e+00
22     0.00000e+00
23     0.00000e+00
24     0.00000e+00
25     0.00000e+00
26     0.00000e+00
27     0.00000e+00
28     0.00000e+00
29     0.00000e+00
1     0.00000e+00
2     0.00000e+00
3     0.00000e+00
4     0.00000e+00
5     0.00000e+00
6     0.00000e+00
7     0.00000e+00
8     0.00000e+00
9     0.00000e+00
10     0.00000e+00
11     0.00000e+00
12     0.00000e+00
13     0.00000e+00
14     0.00000e+00
15     0.00000e+00
16     0.00000e+00
17     0.00000e+00
18     0.00000e+00
19     0.00000e+00
20     0.00000e+00
21     0.00000e+00
22     0.00000e+00
23     0.00000e+00
24     0.00000e+00
25     0.00000e+00
26     0.00000e+00
27     0.00000e+00
28     0.00000e+00
29     0.00000e+00
30     0.00000e+00
