#DataThief C:\Users\Andrew\Documents\Senior Design\TO_TD_perf\effective_AR_roskam_lam_colored.PNG Monday 20-Mar-2017 12:51:19 PM

-3.129e-3	 3.99e-3

2.249e-5	 7.16e-3

3.248e-5	 1.034e-2

3.183e-3	 1.351e-2

3.193e-3	 1.669e-2

3.203e-3	 1.988e-2

3.213e-3	 2.306e-2

3.223e-3	 2.624e-2

3.233e-3	 2.942e-2

3.243e-3	 3.26e-2

3.253e-3	 3.579e-2

6.404e-3	 3.896e-2

6.414e-3	 4.214e-2

6.424e-3	 4.532e-2

9.575e-3	 4.849e-2

9.585e-3	 5.167e-2

9.595e-3	 5.485e-2

9.605e-3	 5.804e-2

1.276e-2	 6.121e-2

1.277e-2	 6.439e-2

1.278e-2	 6.757e-2

1.279e-2	 7.075e-2

1.594e-2	 7.392e-2

1.595e-2	 7.71e-2

1.596e-2	 8.029e-2

1.597e-2	 8.347e-2

1.598e-2	 8.665e-2

1.913e-2	 8.982e-2

1.914e-2	 9.3e-2

1.915e-2	 9.618e-2

1.916e-2	 9.937e-2

1.917e-2	 0.103

2.232e-2	 0.106

2.233e-2	 0.109

2.547e-2	 0.109

2.548e-2	 0.112

2.549e-2	 0.115

2.55e-2	 0.117

2.551e-2	 0.121

2.552e-2	 0.125

2.553e-2	 0.128

2.554e-2	 0.131

2.869e-2	 0.134

2.87e-2	 0.138

2.871e-2	 0.141

2.872e-2	 0.144

3.187e-2	 0.147

3.188e-2	 0.15

3.189e-2	 0.153

3.19e-2	 0.157

3.191e-2	 0.16

3.506e-2	 0.163

3.507e-2	 0.166

3.508e-2	 0.169

3.509e-2	 0.172

3.51e-2	 0.176

3.825e-2	 0.179

3.826e-2	 0.182

3.827e-2	 0.185

4.143e-2	 0.188

4.144e-2	 0.192

4.145e-2	 0.195

4.146e-2	 0.198

4.147e-2	 0.201

4.462e-2	 0.204

4.463e-2	 0.207

4.778e-2	 0.211

4.779e-2	 0.214

5.094e-2	 0.217

5.095e-2	 0.22

5.41e-2	 0.223

5.411e-2	 0.227

5.412e-2	 0.23

5.727e-2	 0.233

5.728e-2	 0.236

6.043e-2	 0.238

6.044e-2	 0.242

6.359e-2	 0.246

6.36e-2	 0.249

6.675e-2	 0.252

6.676e-2	 0.255

6.991e-2	 0.258

6.992e-2	 0.261

6.993e-2	 0.265

7.309e-2	 0.268

7.31e-2	 0.271

7.625e-2	 0.274

7.626e-2	 0.277

7.941e-2	 0.281

7.942e-2	 0.284

8.257e-2	 0.287

8.258e-2	 0.29

8.259e-2	 0.293

8.26e-2	 0.296

8.575e-2	 0.3

8.89e-2	 0.303

9.205e-2	 0.306

9.206e-2	 0.309

9.521e-2	 0.312

9.522e-2	 0.315

9.837e-2	 0.319

9.838e-2	 0.322

0.102	 0.325

0.102	 0.328

0.105	 0.331

0.105	 0.335

0.108	 0.338

0.108	 0.341

0.111	 0.343

0.111	 0.347

0.114	 0.35

0.114	 0.354

0.117	 0.357

0.12	 0.359

0.121	 0.363

0.124	 0.366

0.124	 0.369

0.127	 0.373

0.127	 0.376

0.13	 0.379

0.13	 0.382

0.133	 0.385

0.133	 0.388

0.133	 0.392

0.136	 0.395

0.136	 0.398

0.139	 0.401

0.143	 0.404

0.146	 0.408

0.146	 0.411

0.149	 0.414

0.149	 0.417

0.152	 0.42

0.152	 0.423

0.155	 0.427

0.155	 0.43

0.158	 0.433

0.162	 0.436

0.162	 0.439

0.165	 0.442

0.165	 0.446

0.168	 0.449

0.168	 0.452

0.171	 0.455

0.171	 0.458

0.174	 0.462

0.174	 0.465

0.177	 0.468

0.181	 0.471

0.181	 0.474

0.184	 0.476

0.184	 0.48

0.187	 0.48

0.187	 0.484

0.19	 0.487

0.19	 0.49

0.193	 0.492

0.193	 0.496

0.196	 0.5

0.196	 0.503

0.199	 0.503

0.203	 0.506

0.203	 0.509

0.206	 0.512

0.209	 0.515

0.209	 0.519

0.209	 0.522

0.212	 0.522

0.215	 0.522

0.218	 0.525

0.222	 0.528

0.225	 0.531

0.228	 0.534

0.231	 0.538

0.234	 0.541

0.237	 0.544

0.24	 0.547

0.244	 0.547

0.244	 0.55

0.246	 0.55

0.246	 0.554

0.25	 0.554

0.25	 0.557

0.253	 0.557

0.253	 0.56

0.256	 0.56

0.259	 0.563

0.262	 0.563

0.266	 0.565

0.269	 0.569

0.272	 0.573

0.275	 0.576

0.278	 0.579

0.281	 0.581

0.285	 0.585

0.288	 0.588

0.291	 0.592

0.291	 0.595

0.294	 0.595

0.294	 0.597

0.297	 0.597

0.297	 0.601

0.3	 0.601

0.3	 0.604

0.303	 0.604

0.307	 0.604

0.31	 0.607

0.313	 0.607

0.316	 0.611

0.316	 0.613

0.316	 0.617

0.319	 0.617

0.322	 0.617

0.325	 0.62

0.329	 0.623

0.332	 0.626

0.335	 0.63

0.338	 0.63

0.341	 0.633

0.343	 0.636

0.347	 0.639

0.351	 0.642

0.354	 0.642

0.357	 0.645

0.359	 0.649

0.363	 0.652

0.366	 0.652

0.37	 0.655

0.373	 0.658

0.376	 0.661

0.379	 0.664

0.382	 0.664

0.385	 0.668

0.388	 0.671

0.392	 0.671

0.395	 0.674

0.398	 0.674

0.398	 0.677

0.401	 0.68

0.404	 0.683

0.407	 0.683

0.41	 0.687

0.414	 0.69

0.417	 0.69

0.42	 0.693

0.423	 0.696

0.426	 0.696

0.429	 0.698

0.433	 0.698

0.436	 0.702

0.439	 0.702

0.442	 0.705

0.445	 0.705

0.448	 0.705

0.451	 0.705

0.455	 0.709

0.458	 0.709

0.461	 0.712

0.464	 0.712

0.467	 0.714

0.47	 0.718

0.472	 0.718

0.476	 0.721

0.48	 0.721

0.483	 0.721

0.486	 0.724

0.488	 0.724

0.492	 0.728

0.495	 0.728

0.499	 0.73

0.502	 0.73

0.505	 0.734

0.508	 0.734

0.511	 0.734

0.514	 0.737

0.517	 0.737

0.521	 0.74

0.524	 0.74

0.527	 0.742

0.53	 0.742

0.533	 0.746

0.536	 0.746

0.539	 0.746

0.543	 0.75

0.546	 0.75

0.549	 0.753

0.552	 0.753

0.555	 0.756

0.558	 0.756

0.561	 0.759

0.565	 0.759

0.568	 0.759

0.571	 0.762

0.573	 0.762

0.577	 0.765

0.58	 0.765

0.584	 0.769

0.587	 0.769

0.589	 0.769

0.593	 0.769

0.596	 0.772

0.599	 0.772

0.599	 0.775

0.601	 0.778

0.605	 0.778

0.609	 0.781

0.612	 0.781

0.615	 0.784

0.617	 0.784

0.621	 0.788

0.624	 0.787

0.628	 0.791

0.631	 0.791

0.634	 0.794

0.637	 0.797

0.64	 0.797

0.643	 0.8

0.646	 0.8

0.65	 0.8

0.653	 0.803

0.656	 0.803

0.659	 0.806

0.662	 0.806

0.665	 0.806

0.668	 0.81

0.672	 0.81

0.675	 0.81

0.678	 0.813

0.681	 0.813

0.681	 0.815

0.684	 0.815

0.687	 0.815

0.69	 0.815

0.694	 0.819

0.697	 0.819

0.7	 0.822

0.702	 0.822

0.706	 0.825

0.709	 0.825

0.712	 0.825

0.716	 0.827

0.718	 0.827

0.722	 0.827

0.725	 0.831

0.728	 0.831

0.73	 0.835

0.734	 0.835

0.738	 0.835

0.741	 0.838

0.744	 0.838

0.746	 0.838

0.75	 0.841

0.753	 0.841

0.757	 0.843

0.76	 0.843

0.763	 0.843

0.766	 0.847

0.769	 0.847

0.772	 0.847

0.775	 0.851

0.779	 0.851

0.782	 0.851

0.785	 0.85

0.788	 0.854

0.791	 0.854

0.794	 0.857

0.797	 0.857

0.801	 0.857

0.804	 0.859

0.807	 0.863

0.81	 0.863

0.813	 0.863

0.815	 0.866

0.819	 0.866

0.823	 0.866

0.826	 0.866

0.829	 0.866

0.831	 0.869

0.835	 0.869

0.838	 0.869

0.841	 0.873

0.845	 0.873

0.847	 0.873

0.851	 0.876

0.854	 0.876

0.857	 0.876

0.859	 0.879

0.863	 0.879

0.867	 0.879

0.87	 0.882

0.873	 0.882

0.876	 0.885

0.879	 0.885

0.882	 0.888

0.885	 0.891

0.889	 0.891

0.892	 0.891

0.895	 0.891

0.898	 0.891

0.901	 0.891

0.904	 0.895

0.907	 0.895

0.911	 0.895

0.914	 0.898

0.917	 0.898

0.92	 0.898

0.923	 0.901

0.926	 0.901

0.929	 0.901

0.933	 0.901

0.936	 0.901

0.939	 0.904

0.942	 0.904

0.944	 0.904

0.948	 0.907

0.951	 0.907

0.955	 0.907

0.958	 0.907

0.96	 0.907

0.964	 0.91

0.967	 0.91

0.97	 0.91

0.972	 0.91

0.976	 0.91

0.98	 0.913

0.983	 0.913

0.986	 0.917

0.988	 0.917

0.992	 0.916

0.995	 0.916

0.999	 0.92

1.002	 0.92

1.005	 0.923

1.008	 0.923

1.011	 0.923

1.014	 0.923

1.017	 0.923

1.021	 0.923

1.024	 0.923

1.027	 0.923

1.03	 0.923

1.033	 0.923

1.036	 0.923

1.039	 0.923

1.043	 0.923

1.046	 0.926

1.049	 0.926

1.052	 0.926

1.055	 0.926

1.058	 0.926

1.061	 0.926

1.065	 0.926

1.068	 0.926

1.071	 0.929

1.074	 0.929

1.077	 0.929

1.08	 0.929

1.083	 0.929

1.087	 0.929

1.09	 0.929

1.093	 0.929

1.096	 0.929

1.099	 0.932

1.102	 0.932

1.105	 0.932

1.109	 0.932

1.112	 0.932

1.115	 0.932

1.117	 0.932

1.121	 0.935

1.124	 0.935

1.127	 0.935

1.131	 0.935

1.134	 0.935

1.137	 0.935

1.14	 0.935

1.143	 0.935

1.146	 0.935

1.149	 0.938

1.153	 0.938

1.156	 0.938

1.159	 0.938

1.162	 0.938

1.165	 0.938

1.168	 0.938

1.171	 0.938

1.175	 0.938

1.178	 0.94

1.181	 0.94

1.184	 0.94

1.187	 0.94

1.19	 0.94

1.193	 0.94

1.197	 0.94

1.2	 0.94

1.203	 0.944

1.206	 0.944

1.209	 0.944

1.212	 0.944

1.215	 0.944

1.219	 0.944

1.222	 0.944

1.225	 0.944

1.228	 0.944

1.231	 0.944

1.234	 0.944

1.237	 0.944

1.241	 0.944

1.244	 0.947

1.246	 0.947

1.25	 0.947

1.253	 0.947

1.256	 0.947

1.259	 0.947

1.263	 0.947

1.266	 0.947

1.269	 0.947

1.272	 0.947

1.275	 0.947

1.278	 0.947

1.281	 0.95

1.285	 0.95

1.288	 0.95

1.291	 0.95

1.294	 0.95

1.297	 0.95

1.3	 0.95

1.303	 0.95

1.307	 0.95

1.31	 0.95

1.313	 0.95

1.316	 0.952

1.319	 0.952

1.322	 0.952

1.325	 0.952

1.329	 0.952

1.332	 0.952

1.335	 0.952

1.338	 0.952

1.341	 0.952

1.343	 0.952

1.347	 0.952

1.351	 0.952

1.354	 0.952

1.357	 0.956

1.359	 0.956

1.363	 0.956

1.366	 0.956

1.369	 0.956

1.371	 0.956

1.376	 0.956

1.379	 0.956

1.382	 0.956

1.385	 0.956

1.388	 0.956

1.391	 0.956

1.394	 0.956

1.398	 0.959

1.401	 0.959

1.404	 0.959

1.407	 0.959

1.41	 0.959

1.41	 0.963

1.413	 0.963

1.416	 0.963

1.42	 0.963

1.423	 0.963

1.426	 0.963

1.429	 0.962

1.432	 0.962

1.435	 0.962

1.438	 0.962

1.442	 0.962

1.445	 0.962

1.448	 0.962

1.451	 0.962

1.454	 0.962

1.457	 0.962

1.46	 0.966

1.464	 0.966

1.467	 0.966

1.47	 0.966

1.472	 0.966

1.476	 0.964

1.479	 0.964

1.482	 0.964

1.486	 0.964

1.488	 0.964

1.492	 0.964

1.495	 0.968

1.498	 0.968

1.501	 0.968

1.504	 0.968

1.508	 0.968

1.511	 0.968

1.514	 0.968

1.517	 0.968

1.52	 0.968

1.523	 0.968

1.526	 0.972

1.53	 0.972

1.533	 0.972

1.536	 0.972

1.539	 0.972

1.542	 0.972

1.545	 0.972

1.548	 0.972

1.552	 0.972

1.555	 0.972

1.558	 0.972

1.561	 0.975

1.564	 0.975

1.567	 0.975

1.569	 0.975

1.573	 0.975

1.577	 0.975

1.58	 0.975

1.583	 0.975

1.585	 0.975

1.589	 0.975

1.592	 0.975

1.596	 0.978

1.599	 0.978

1.601	 0.978

1.605	 0.978

1.608	 0.978

1.611	 0.978

1.613	 0.978

1.617	 0.978

1.621	 0.978

1.624	 0.978

1.627	 0.978

1.63	 0.978

1.633	 0.978

1.636	 0.978

1.64	 0.978

1.643	 0.978

1.646	 0.978

1.649	 0.978

1.652	 0.978

1.655	 0.978

1.658	 0.98

1.662	 0.98

1.665	 0.98

1.668	 0.98

1.671	 0.98

1.674	 0.98

1.677	 0.98

1.68	 0.98

1.684	 0.98

1.687	 0.98

1.69	 0.98

1.693	 0.98

1.696	 0.98

1.698	 0.98

1.702	 0.98

1.706	 0.98

1.709	 0.98

1.712	 0.98

1.714	 0.98

1.718	 0.98

1.721	 0.98

1.724	 0.98

1.728	 0.98

1.73	 0.98

1.734	 0.984

1.737	 0.984

1.74	 0.984

1.742	 0.984

1.746	 0.984

1.75	 0.983

1.753	 0.983

1.756	 0.983

1.759	 0.983

1.762	 0.983

1.765	 0.983

1.768	 0.983

1.771	 0.983

1.775	 0.983

1.778	 0.987

1.781	 0.987

1.784	 0.987

1.787	 0.987

1.79	 0.987

1.793	 0.987

1.797	 0.986

1.8	 0.986

1.803	 0.986

1.806	 0.986

1.809	 0.986

1.812	 0.986

1.815	 0.986

1.819	 0.986

1.822	 0.986

1.825	 0.986

1.827	 0.986

1.831	 0.986

1.834	 0.986

1.837	 0.986

1.841	 0.986

1.843	 0.986

1.847	 0.986

1.85	 0.986

1.853	 0.986

1.855	 0.988

1.859	 0.988

1.863	 0.988

1.866	 0.988

1.869	 0.988

1.871	 0.988

1.875	 0.988

1.878	 0.988

1.881	 0.988

1.885	 0.988

1.888	 0.988

1.891	 0.988

1.894	 0.988

1.897	 0.988

1.9	 0.988

1.903	 0.988

1.907	 0.988

1.91	 0.988

1.913	 0.988

1.916	 0.988

1.919	 0.988

1.922	 0.988

1.925	 0.988

1.929	 0.988

1.932	 0.988

1.935	 0.988

1.938	 0.988

1.94	 0.988

1.944	 0.988

1.947	 0.988

1.951	 0.988

1.954	 0.992

1.956	 0.992

1.96	 0.992

1.963	 0.992

1.966	 0.992

1.968	 0.992

1.972	 0.992

1.976	 0.992

1.979	 0.992

1.982	 0.992

1.984	 0.992

1.988	 0.992

1.991	 0.992

1.995	 0.992

1.998	 0.992

2.001	 0.995

2.004	 0.995

2.007	 0.995

2.01	 0.995

2.013	 0.995

2.017	 0.995

2.02	 0.995

2.023	 0.995

2.026	 0.995

2.029	 0.995

2.032	 0.995

2.035	 0.995

2.039	 0.995

2.042	 0.995

2.045	 0.995

2.048	 0.995

2.051	 0.995

2.054	 0.995

2.057	 0.995

2.061	 0.995

2.064	 0.998

2.067	 0.998

2.07	 0.998

2.073	 0.998

2.076	 0.998

2.079	 0.998

2.083	 0.998

2.086	 0.998

2.089	 0.998

2.092	 0.998

2.095	 0.998

2.098	 0.998

2.101	 0.998

2.104	 0.998

2.108	 0.998

2.111	 0.998

2.114	 0.998

2.117	 0.998

2.12	 1.001

2.123	 1.001

2.126	 1.001

2.13	 1.001

2.133	 1.001

2.136	 1.001

2.139	 1.001

2.142	 1.001

2.145	 1.001

2.148	 1.001

2.152	 1.001

2.155	 1.001

2.158	 1.001

2.161	 1.001

2.164	 1.001

2.167	 1.001

2.17	 1.001

2.174	 1.004

2.177	 1.004

2.18	 1.004

2.183	 1.004

2.186	 1.004

2.189	 1.004

2.192	 1.004

2.196	 1.001
